[111, -343, 76]
[191, -409, -50]
[91, -356, -225]
[193, -428, -110]
[139, -222, -100]
[375, -311, 28]
[245, -342, -449]
[205, -236, 108]
[182, -280, 219]
[87, -347, 217]
[56, -292, 99]
[-76, -271, 218]
[-135, -421, -449]
[-99, -258, 9]
[-299, -464, 225]
[-191, -295, 160]
[-346, -379, 95]
[-253, -318, 37]
[-343, -414, -93]
[-270, -237, -76]
[-294, -277, -300]
[-13, -244, -232]
[-57, -348, -261]
[-3, -211, -98]
[92, -365, -261]
[132, -185, -312]
[97, -158, -35]
[178, -129, -245]
[161, -44, -107]
[121, -202, -99]
[371, -166, 13]
[250, -126, 155]
[228, 19, 79]
[205, -55, 250]
[49, -95, 189]
[11, 16, 248]
[-143, -123, 278]
[-161, -107, 138]
[-63, 34, 67]
[-83, -60, -53]
[-119, -41, -176]
[-90, 62, -252]
[46, 21, -190]
[-76, 140, -13]
[149, 87, 115]
[141, 215, 11]
[-125, 166, 36]
[62, 205, 122]
[-57, 331, -41]
[44, 418, 72]
